Post Room: -1.5621087,52.3899529
Claycroft: -1.5561518,52.3838702
Tocil: -1.55692,52.3815187
Arthur Vick: -1.5551926,52.3804545
Jack Martin: -1.5568932,52.3794185
Bluebell: -1.5598329,52.3770903
Whitefields: -1.5592964,52.3793858
Rootes: -1.5588882,52.3782986
Redfern: -1.5642386,52.376711
Cryfield: -1.5639811,52.3775067
Heronbank: -1.5683345,52.3798353
Sherbourne: -1.5724383,52.381669
Lakeside: -1.5698848,52.3804968