Post Room: 52.3899529,-1.5621087
Claycroft: 52.3838702,-1.5561518
Tocil: 52.3815187,-1.55692
Arthur Vick: 52.3804545,-1.5551926
Jack Martin: 52.3794185,-1.5568932
Bluebell: 52.3770903,-1.5598329
Whitefields: 52.3793858,-1.5592964
Rootes: 52.3782986,-1.5588882
Redfern: 52.376711,-1.5642386
Cryfield: 52.3775067,-1.5639811
Heronbank: 52.3798353,-1.5683345
Sherbourne: 52.381669,-1.5724383
Lakeside: 52.3804968,-1.5698848